2.000000000000000000e+00 2.422019958496093750e+02 3.518535156250000000e+02
3.000000000000000000e+00 8.862089843750000000e+02 7.845574951171875000e+02
4.000000000000000000e+00 7.281069946289062500e+02 5.024550170898437500e+02
5.000000000000000000e+00 1.391614013671875000e+03 7.984580078125000000e+02
6.000000000000000000e+00 5.426049804687500000e+02 2.748529968261718750e+02
7.000000000000000000e+00 1.122711059570312500e+03 5.072550048828125000e+02
8.000000000000000000e+00 6.570070190429687500e+02 2.712525024414062500e+02
9.000000000000000000e+00 6.490059814453125000e+02 2.510025024414062500e+02
1.000000000000000000e+01 8.747089843750000000e+02 3.149030151367187500e+02
1.100000000000000000e+01 9.860100097656250000e+02 3.330534973144531250e+02
1.200000000000000000e+01 7.831079711914062500e+02 2.527025146484375000e+02
1.300000000000000000e+01 6.787069702148437500e+02 2.094024963378906250e+02
1.400000000000000000e+01 8.245079956054687500e+02 2.415025024414062500e+02
1.500000000000000000e+01 8.774089965820312500e+02 2.474525146484375000e+02
1.600000000000000000e+01 7.039069824218750000e+02 1.967019958496093750e+02
1.700000000000000000e+01 8.812089843750000000e+02 2.329024963378906250e+02
1.800000000000000000e+01 6.800070190429687500e+02 1.754014892578125000e+02
1.900000000000000000e+01 8.418079833984375000e+02 2.110019989013671875e+02
2.000000000000000000e+01 7.633079833984375000e+02 1.847519989013671875e+02
2.100000000000000000e+01 6.704069824218750000e+02 1.608014984130859375e+02
2.200000000000000000e+01 6.005059814453125000e+02 1.415014953613281250e+02
2.300000000000000000e+01 7.740079956054687500e+02 1.761520080566406250e+02
2.400000000000000000e+01 8.226079711914062500e+02 1.816019897460937500e+02
2.500000000000000000e+01 8.487080078125000000e+02 1.860019989013671875e+02
2.600000000000000000e+01 9.035089721679687500e+02 1.922519989013671875e+02
2.700000000000000000e+01 8.975089721679687500e+02 1.861520080566406250e+02
2.800000000000000000e+01 1.142311035156250000e+03 2.316524963378906250e+02
2.900000000000000000e+01 1.140010986328125000e+03 2.269024963378906250e+02
4.771099853515625000e+01 1.487251953125000000e+03 5.130699920654296875e+01
7.647200012207031250e+01 2.042917968750000000e+03 5.506399917602539062e+01
1.059169998168945312e+02 2.960235107421875000e+03 6.533499908447265625e+01
1.356049957275390625e+02 3.868375976562500000e+03 7.729599761962890625e+01
1.654060058593750000e+02 4.886579101562500000e+03 8.696800231933593750e+01
1.952669982910156250e+02 5.464150878906250000e+03 9.090000152587890625e+01
2.251649932861328125e+02 5.786166992187500000e+03 8.743099975585937500e+01
2.550870056152343750e+02 5.366121093750000000e+03 7.718000030517578125e+01
2.850249938964843750e+02 4.627076171875000000e+03 6.270399856567382812e+01
3.149750061035156250e+02 3.600452880859375000e+03 4.728699874877929688e+01
3.449339904785156250e+02 2.630058105468750000e+03 3.395899963378906250e+01
3.748989868164062500e+02 2.030650024414062500e+03 2.487100028991699219e+01
4.048699951171875000e+02 1.750862060546875000e+03 2.074699974060058594e+01
4.348439941406250000e+02 1.784114013671875000e+03 2.069899940490722656e+01
4.648219909667968750e+02 2.159716064453125000e+03 2.277799987792968750e+01
4.948030090332031250e+02 2.419459960937500000e+03 2.499900054931640625e+01
5.247849731445312500e+02 2.571105957031250000e+03 2.594499969482421875e+01
5.547700195312500000e+02 2.542552978515625000e+03 2.506900024414062500e+01
5.847559814453125000e+02 2.358374023437500000e+03 2.274099922180175781e+01
6.147440185546875000e+02 2.092940917968750000e+03 1.986400032043457031e+01
6.447319946289062500e+02 1.882165039062500000e+03 1.750600051879882812e+01
6.747219848632812500e+02 1.811399047851562500e+03 1.642499923706054688e+01
7.047119750976562500e+02 1.881812011718750000e+03 1.678599929809570312e+01
7.347039794921875000e+02 2.094279052734375000e+03 1.814500045776367188e+01
7.646959838867187500e+02 2.315466064453125000e+03 1.970999908447265625e+01
7.946879882812500000e+02 2.463086914062500000e+03 2.067300033569335938e+01
8.246820068359375000e+02 2.518245117187500000e+03 2.048500061035156250e+01
8.546749877929687500e+02 2.390562011718750000e+03 1.901000022888183594e+01
8.846690063476562500e+02 2.081479980468750000e+03 1.655999946594238281e+01
9.146640014648437500e+02 1.738793945312500000e+03 1.372900009155273438e+01
9.446589965820312500e+02 1.415485961914062500e+03 1.114000034332275391e+01
9.746539916992187500e+02 1.171527954101562500e+03 9.284999847412109375e+00
1.004648986816406250e+03 1.060363037109375000e+03 8.371999740600585938e+00
1.034645019531250000e+03 1.046307006835937500e+03 8.284000396728515625e+00
1.064640991210937500e+03 1.130338012695312500e+03 8.657999992370605469e+00
1.094636962890625000e+03 1.208609008789062500e+03 9.074000358581542969e+00
1.124633056640625000e+03 1.229251953125000000e+03 9.213000297546386719e+00
1.154630004882812500e+03 1.203915039062500000e+03 8.932999610900878906e+00
1.184625976562500000e+03 1.114668945312500000e+03 8.272999763488769531e+00
1.214623046875000000e+03 9.660750122070312500e+02 7.458000183105468750e+00
1.244619995117187500e+03 8.631270141601562500e+02 6.558000087738037109e+00
1.274618041992187500e+03 7.606939697265625000e+02 5.900000095367431641e+00
1.304614990234375000e+03 7.302210083007812500e+02 5.596000194549560547e+00
1.334612060546875000e+03 7.357550048828125000e+02 5.618999958038330078e+00
1.364609985351562500e+03 7.727150268554687500e+02 5.831999778747558594e+00
1.394607055664062500e+03 8.047269897460937500e+02 6.053999900817871094e+00
1.424604980468750000e+03 8.064329833984375000e+02 6.131000041961669922e+00
1.454603027343750000e+03 7.759710083007812500e+02 5.982999801635742188e+00
1.484600952148437500e+03 7.272180175781250000e+02 5.617000102996826172e+00
1.514598999023437500e+03 6.468189697265625000e+02 5.116000175476074219e+00
1.544597045898437500e+03 5.502570190429687500e+02 4.598000049591064453e+00
1.574594970703125000e+03 4.751329956054687500e+02 4.173999786376953125e+00
1.604593017578125000e+03 4.179219970703125000e+02 3.914000034332275391e+00
1.634592041015625000e+03 3.937279968261718750e+02 3.832000017166137695e+00
1.664589965820312500e+03 3.896619873046875000e+02 3.888999938964843750e+00
1.694588012695312500e+03 3.911189880371093750e+02 4.019000053405761719e+00
1.724587036132812500e+03 3.977269897460937500e+02 4.153999805450439453e+00
1.754584960937500000e+03 3.825339965820312500e+02 4.245999813079833984e+00
1.784583984375000000e+03 3.725090026855468750e+02 4.281000137329101562e+00
1.814583007812500000e+03 3.404830017089843750e+02 4.278999805450439453e+00
1.844581054687500000e+03 3.072189941406250000e+02 4.272999763488769531e+00
1.874579956054687500e+03 2.726459960937500000e+02 4.304999828338623047e+00
1.904578979492187500e+03 2.475890045166015625e+02 4.402999877929687500e+00
1.934577026367187500e+03 2.420019989013671875e+02 4.578000068664550781e+00
