1.032872169388468501e+04 3.060308447069452882e+02
9.982535561985148888e+03 -1.448552405297780297e+02
1.007729267686953608e+04 -3.921320842392872237e+02
1.020023112287621370e+04 4.568722937709159737e+02
1.016142949022482208e+04 2.564515128355959064e+02
9.930379806506425666e+03 -3.549517147285217789e+02
9.511603024915668357e+03 -4.329191973217968439e+02
9.986806586672400954e+03 -2.713629765298439338e+02
1.010079299076198004e+04 2.126601404878490769e+02
1.052472552135596015e+04 1.073673068792031472e+03
9.835963138108885687e+03 -1.720490101608584439e+02
9.595923992014200849e+03 -5.755526034587447839e+02
1.002783046179923986e+04 -2.645438235363976105e+02
1.031519867243226508e+04 2.373431510272837670e+02
9.617297661267548392e+03 -1.143962218967482841e+03
9.923331009413481297e+03 -2.826838905286806494e+02
1.035347281015129556e+04 4.967505379002699328e+02
1.033587419114449949e+04 4.219587648297774649e+02
1.004480896708100227e+04 -3.217086796474539057e+01
9.810448207082443332e+03 4.253584608369780540e+02
1.020799604630204885e+04 6.974359745315788359e+02
9.980087154578137415e+03 4.742775291703583207e+02
9.912805810346211729e+03 4.868104574880377555e+01
1.048804979297188038e+04 7.457094774476300927e+02
9.904649566316156779e+03 -4.796800216942150428e+02
9.825160156658192136e+03 -3.729167739101183088e+02
1.036615102165989447e+04 8.817311338743749047e+02
9.776676196569780586e+03 -1.038464995085530234e+02
1.007349172764947616e+04 3.689046209044578006e+01
9.692984523935305333e+03 -6.082512270061125719e+02
9.788410535569379135e+03 -3.666745261364836779e+02
1.027816281275624351e+04 2.815171573851237099e+02
1.039077210791067409e+04 2.937406015801368540e+02
9.497555034941751728e+03 -3.738134455402769731e+02
1.065083624421434615e+04 7.644211549669250871e+02
1.003015928621450985e+04 -1.819568165966120148e+02
9.794253333641225254e+03 -4.651241522043733312e+02
1.057416963288734041e+04 1.216492113045584844e+01
1.038943574343198816e+04 5.248079013125243364e+02
1.022988264482822524e+04 3.759791129574822435e+02
1.024771052819588476e+04 4.075318722925404131e+02
9.484154532638449382e+03 -9.725406211930381914e+02
1.005417979885492787e+04 -3.603934179477723205e+02
9.579809459483090905e+03 -2.124657105384133047e+02
9.096381837308237664e+03 -1.316736091904044315e+03
9.626701203514287045e+03 -4.565729294045139568e+02
1.003875954327324507e+04 -1.287872281536361925e+02
1.031077201087447247e+04 8.670688011079838589e+02
9.965537444020857947e+03 -5.947979608088024861e+01
1.006519271657053105e+04 2.541852941478475714e+02
9.932517134388514023e+03 -5.178690820500895597e+02
1.042754898190156382e+04 9.925215900158744944e+02
1.015780293324020022e+04 1.979375111008353727e+01
1.029168882559166013e+04 2.624705562083663040e+02
1.001199672489497607e+04 -1.237966749061677234e+02
1.030632473086747268e+04 2.110310062845514381e+02
1.003641612912321580e+04 -4.511172178694544073e+02
1.011706947483569638e+04 3.795042594898092148e+02
1.022831850727703568e+04 -4.039352043312391629e+02
1.001365075519760103e+04 -2.726133405119609847e+02
1.001950312379762545e+04 4.881057477888438001e+01
1.038995703541019247e+04 6.616206680016719019e+02
1.007161869202778144e+04 -5.484132021678623232e+02
9.104960355069291836e+03 -7.454253465180715921e+02
1.002009063324625458e+04 -2.594748420982726600e+01
1.019545947759340925e+04 -6.717208049923176816e+01
9.569278755381827068e+03 4.366169310011622429e+01
1.003411562184229115e+04 -6.782561445851255257e+02
1.031211745039620473e+04 5.907042109778077332e+01
9.589784493736080549e+03 -8.977046719893531872e+02
9.914028305518750130e+03 -1.088457779456407053e+02
9.734412545426772340e+03 -1.013293279481672471e+03
9.555850001899922063e+03 -3.649367277886955208e+02
9.770535702110280909e+03 3.158966174062435357e+02
9.939171093577480860e+03 1.152384517030595390e+02
1.018556036313745062e+04 5.004584400314408867e+02
9.882546636410676001e+03 3.808651766854186462e+02
1.051941243034735999e+04 9.697244339934399022e+02
1.028307324460152086e+04 7.248990749873389632e+02
9.955423781335912281e+03 8.206341591509229261e+01
9.786948477465843098e+03 -1.563096778010581147e+02
9.945655225183112634e+03 -4.096911534815801019e+02
1.007333378676914617e+04 -3.385905071845588168e+02
9.896029743453276751e+03 -1.258152979060512280e+02
9.880085640138111557e+03 7.134882924742593104e+02
9.878544297110191110e+03 -3.188555110785729880e+02
1.010562842418815671e+04 7.685865378021824199e+02
1.016404559650200099e+04 5.204666368809769210e+02
9.502909153912969487e+03 -9.381906670585194661e+02
1.074866454930810141e+04 1.287313686328075164e+03
1.038878220090973809e+04 2.114851986384288978e+02
1.009330061901815498e+04 1.735954740666172711e+02
9.527191278555557801e+03 -1.547855695984257238e+02
1.037606873021434330e+04 1.419548640610226187e+02
9.935989372950396501e+03 5.088378742778754145e+02
1.041149051977692216e+04 2.686929546784353420e+02
9.889852071637065819e+03 -2.713344412790017373e+02
9.999690764051394581e+03 -3.710760565172844281e+02
9.878600885810856198e+03 -6.272920589969508001e+02
1.032212407249543503e+04 5.692706960931633375e+02
9.547662053872896649e+03 -6.119910796101478354e+02
1.010618539759617670e+04 -9.842962229936139806e+01
9.829241559452408183e+03 -7.439475083373046971e+01
1.038221811268729289e+04 1.425290945042050225e+03
9.676710130186049355e+03 -2.813222238997776685e+02
1.011416872916790089e+04 1.037545291057765127e+02
1.061966937082548793e+04 6.494695871619537684e+02
9.930412363045115853e+03 8.508868378478150873e+01
1.018864955895316598e+04 8.672097179407003296e+02
9.519636877231157996e+03 -5.692597984814204892e+02
1.057766638890815739e+04 2.338415434919706115e+02
9.887109924749509446e+03 -4.562711449869776743e+02
9.863593391707074261e+03 -5.067115391860320415e+02
9.924998392605633853e+03 -4.986554113602580856e+02
9.867892364001023452e+03 -2.857055321258303593e+02
1.000240280131504551e+04 -1.334103354731738875e+02
1.034631530610667869e+04 4.406683189925233819e+02
9.773883008209446416e+03 -2.654172713407687638e+02
1.060048903422365765e+04 7.325016296006209586e+02
1.019820821588236868e+04 -1.064553118476747642e+02
1.026808639011303421e+04 5.445305327480464257e+02
1.019100012213219452e+04 4.806778448830225443e+02
1.008266957116208687e+04 2.791556506896814085e+02
1.036221611017880787e+04 7.364511299096111543e+02
9.415312363091563384e+03 -5.540446041414249976e+02
1.024625678649811562e+04 -3.544473318630460881e+02
9.776353558004198931e+03 -9.335146580889011148e+01
1.053522446753956865e+04 6.434005811253276761e+02
9.785028249393142687e+03 3.505866472615637690e+02
9.645956050829307060e+03 -7.179019351472596782e+02
1.014700638555358273e+04 -6.976986397672397811e-01
1.057069103248975625e+04 1.268898178808227158e+03
9.980093159179654322e+03 -4.670644911866258440e+02
9.876280848938162308e+03 -1.002162324652412906e+01
9.955042565469751935e+03 1.011015750771068156e+01
9.865678500109301240e+03 -6.313548770511621342e+02
9.764497792449188637e+03 5.714153560747735128e+02
9.568745899389525221e+03 -6.238552182577941494e+02
1.027005280944697915e+04 4.054679694071722906e+02
9.953833531775388110e+03 -3.089552046796344484e+02
9.718811577120850416e+03 -5.968315638909118661e+02
9.723985027156935757e+03 -5.154532843968991074e+02
9.655766648427626933e+03 -1.232074620975994037e+02
1.004452632880694364e+04 1.365238289682801565e+02
9.989165945081012978e+03 3.477751294625375067e+02
1.021669987663128995e+04 -1.727462732969696617e+02
1.002057707376224062e+04 -1.172207832868500788e+02
1.025262166235451514e+04 6.227546320053876343e+02
1.009068093722018966e+04 -5.190646510652745746e+02
9.848581238826805929e+03 9.726490901898749541e+00
9.801367175564006175e+03 2.675521812505957655e+02
9.490129633108368580e+03 -2.334747209334636864e+02
1.009082598680567571e+04 -7.969690598795200742e+01
1.058929081587810106e+04 2.383656332863371574e+02
9.445178446961665031e+03 -8.807467548783816937e+02
9.614254208701555399e+03 -5.746804458180630490e+02
1.007331939951057211e+04 6.919214056595318425e+02
9.915166906596554327e+03 1.559928268564185139e+01
1.008961870395564074e+04 4.609565178550005839e+02
9.750076453827576188e+03 1.052673334184082137e+02
1.051079552432636228e+04 7.281098938919320744e+02
9.607893867906515879e+03 -3.904215312133113116e+02
1.033250697640550061e+04 2.485195084352544654e+02
9.727156161153547146e+03 7.803170106612299151e+01
1.002571147402810493e+04 1.797432011866711719e+02
9.457623028238667757e+03 -1.217268244785122306e+03
1.043047932766574195e+04 1.197030142744384023e+02
1.020842297088173473e+04 7.234970239713036335e+02
9.592378621611667768e+03 -5.517687312420219996e+02
1.031471108603451285e+04 1.141138213340962920e+03
9.951851714575912411e+03 -3.425852878030054853e+02
9.918323427569706837e+03 7.777116135892345028e+01
1.030629068673324946e+04 4.408572013766144693e+01
1.021204081378258525e+04 1.016240302683614516e+02
1.073935438642084773e+04 1.034785432336726899e+03
1.035816057105324217e+04 6.563990315800425606e+02
9.933599817118996725e+03 -2.445270302385984280e+02
1.031437800723142755e+04 -1.695132802679605390e+02
1.031108324988984168e+04 3.763840835424541069e+02
9.962482078780452866e+03 6.858626688609468829e+02
9.811968930537708729e+03 -4.440483943202715409e+02
1.022757655081532539e+04 5.219582546054804197e+02
1.008754025722049846e+04 -1.693031845233267632e+02
1.061865182676105542e+04 8.613678360957753739e+02
9.708784265071255504e+03 -4.216441028718779762e+02
1.057618759104234232e+04 1.160971761856778585e+03
1.025248649501096224e+04 5.161184812260687522e+02
9.805960874963602691e+03 -1.024730303094136872e+02
9.516290722027995798e+03 -1.230709482875866115e+03
1.016752171017803266e+04 4.395233518580442933e+02
9.536140608105280990e+03 -8.610257366890863295e+02
9.445244447751991174e+03 -8.025815381383196154e+02
1.002960380617168448e+04 -1.391550824337010965e+02
1.105180522262062914e+04 1.206799518604887453e+03
9.656441173256314869e+03 -1.113639042958616983e+03
1.003937823169932199e+04 -2.474421219688824465e+02
9.937680828478061812e+03 -3.357363184029716763e+01
9.928122900120299164e+03 4.351253145688701096e+01
1.019405306682023547e+04 2.378767676988508128e+02
9.859371244330002810e+03 -1.539391494208756228e+01
1.041850497252444075e+04 5.707284324180558315e+02
1.017184945459361734e+04 -4.547006226872878187e+02
9.420900546338587446e+03 -5.004817647747637466e+02
9.884652213043409574e+03 -6.190237193239096314e+02
9.938669283540555625e+03 2.735356822770669964e+02
1.028475699665656430e+04 -9.700569569320697383e+01
1.021256922493804996e+04 6.669226123833308861e+01
1.022608346212933247e+04 7.450025631533080741e+02
9.630552498113183901e+03 -1.860966333954557399e+02
9.746169837801569884e+03 -9.906816988323132591e+02
9.712434494192766579e+03 -1.178245225424106195e+02
9.764028758223928889e+03 -8.563810512018881127e+02
1.003278203332730664e+04 5.188963701406975133e+02
9.883484308396538836e+03 -6.024668197586041742e+02
1.015761059363900677e+04 -5.165718563071235394e+02
9.245856543496865925e+03 -8.343189398347346923e+02
1.019447545806413837e+04 7.230182180132051144e+02
1.001163673930497862e+04 -1.367808497091129993e+02
1.047355666659438430e+04 3.538362702223552674e+02
1.032798369203695438e+04 4.088012974204374927e+02
1.015281651876342767e+04 6.959758718519680087e+02
1.008492245683524925e+04 1.311598241213212646e+02
9.509105058470810036e+03 -5.266810570928687412e+02
9.683075538004117334e+03 -8.311425357059292764e+02
9.961418266632861560e+03 2.222653183286806211e+02
1.084565600540044215e+04 9.291267500036399269e+02
9.520492767196583372e+03 -6.652981691468750114e+01
9.781573190148588765e+03 -4.972780795577089634e+02
1.023873908778410259e+04 3.208918217904051744e+02
1.023462910987049872e+04 -2.954266491036466391e+02
9.648066293512982156e+03 -9.918433726233020025e+02
1.019786414163681911e+04 6.283694869491606596e+02
9.789808056030435182e+03 -1.142396828772794606e+03
1.108893081124720811e+04 1.043219828755226445e+03
9.991299203960788873e+03 4.651696512342692813e+02
1.015575949631311960e+04 5.464798016317811289e+02
9.318595727588935915e+03 -1.040642472061313583e+03
9.509888307229184647e+03 -5.280692186309837552e+02
9.895809119106552316e+03 3.672574972038808596e+02
1.008888627621110936e+04 2.708984642032828916e+01
1.029872505927161183e+04 6.541808574062791877e+02
9.437264871007802867e+03 -5.982894646646075216e+02
9.538143174024031396e+03 -7.139231154946891138e+02
9.916758266439477666e+03 -6.034913405769143537e+02
1.027836186748615728e+04 -1.087577745392136279e+02
9.906191507170218756e+03 5.717961090002046376e+02
9.886228418423332187e+03 2.562993447826004854e+02
1.008891218775309608e+04 -4.613529476988832698e+02
9.675416777971411648e+03 -2.759442911024021896e+02
1.075913549529724878e+04 7.018528099214100848e+02
1.034656848716607601e+04 9.069553086904475094e+02
9.889072916300416182e+03 -2.983374630144534194e+02
1.017731981099838958e+04 2.871049277352411764e+02
9.282636129443448226e+03 -1.124713118089169029e+03
1.020948303142680925e+04 3.711126695565448017e+02
1.069640739820459021e+04 7.262229928857574350e+02
1.002037436888245429e+04 4.943732639390103856e+01
1.040151818656359501e+04 7.367918296059787053e+02
9.945645071859535165e+03 -7.915069782995709602e+01
1.018727105992682482e+04 6.931451693531209912e+02
9.885622069722634478e+03 -1.765952208506314776e+02
1.017933995078949010e+04 -1.072740093113012847e+02
9.429434300057011569e+03 -4.893443205160201614e+02
1.019645076611652621e+04 -4.470343740922417908e+01
1.076725328249035010e+04 7.753142824401362532e+02
1.009238385327872493e+04 8.593057661556315452e+02
1.054001040887346426e+04 7.047830157987790471e+02
9.936840451075911915e+03 1.734396516401621682e+02
1.015235949528810124e+04 3.467785695706123192e+02
9.967792722037345811e+03 1.890588516226861771e+02
1.033881887621443093e+04 4.642951573736291948e+02
9.643045791323518642e+03 8.221808976876292974e+00
9.867556604220322697e+03 -6.951518541016515655e+02
1.012627128031316170e+04 1.025110887735330749e+02
9.352184879260335947e+03 -8.174938198140318946e+02
1.059123234896268332e+04 1.268256937471569927e+03
9.468268401950625048e+03 -3.797027780264097032e+02
9.781383507115384418e+03 -4.617578724658592932e+02
1.005106148947033762e+04 -1.962232386190364082e+02
1.048696355900324670e+04 4.261853365046774798e+02
9.810966540170635199e+03 -8.977256794882426902e+02
9.908921947860371802e+03 -4.064656245012443492e+02
1.055732875854195663e+04 6.177461498908598969e+02
9.875320808872791531e+03 -3.623588431018329743e+02
9.457664700120749330e+03 -1.389137418422842757e+03
1.002184362455559494e+04 6.107128389422857140e+01
9.704973771496679547e+03 -7.716014885864693724e+02
9.808009783013420019e+03 -6.585566393885242178e+02
9.619455183484142253e+03 1.824401179828149111e+02
9.999570180396915021e+03 -4.768545963201662516e+02
1.029951361543809253e+04 5.101897476279941088e+02
1.040358928448314145e+04 9.659473785663949741e+01
9.749532882512779906e+03 3.099119360446347287e+02
1.023642334398561616e+04 5.541992373047025922e+02
1.036122264525747414e+04 5.467019428169762705e+02
1.012040122138473089e+04 -2.405163974184398512e+02
9.808325652680372514e+03 -3.471093993746975457e+02
9.643692375108967099e+03 -7.249883597326162317e+02
9.975884777259701877e+03 1.836952704693112537e+02
9.793828733893375102e+03 -1.142964325373566083e+02
9.866612944037244233e+03 2.752071686921245686e+01
1.056830378967893012e+04 6.121734265648472046e+02
9.681026646084801541e+03 -9.616215905230138787e+02
9.817228014666305171e+03 -7.429821905484421904e+02
1.027108938885903262e+04 6.511618450578984039e+02
1.015577199509921957e+04 7.121297062899094499e+02
9.458560829944137367e+03 -1.034891257769679669e+03
9.753348869315983393e+03 -2.679337223820058966e+02
9.432228661912158714e+03 -4.833377116881462143e+02
9.712551530026808905e+03 -2.237518423668889795e+02
1.024754371861961408e+04 -1.631502817863029691e+02
9.940659884762797446e+03 -5.561875580871328566e+02
9.959793443080092402e+03 3.054347633659735379e+02
1.011157438637063751e+04 -2.875031667037341165e+01
9.617700579431077131e+03 -5.141648371435402396e+02
1.010845968530736172e+04 8.335878517757804218e+01
1.038337353596110006e+04 7.978546555437656025e+02
9.685583654245763682e+03 -4.150053914605994692e+02
9.922358578346200375e+03 4.691255867976562577e+00
1.005740115766794952e+04 3.576932023108648764e+02
9.914439506671311392e+03 -1.750053039978384106e+02
1.030214082422675892e+04 8.351384228862569898e+02
9.469873761941224075e+03 2.390632223682871427e+01
1.018170529785072358e+04 -5.692941506598621970e+01
9.834206763385369413e+03 -4.279152602842141562e+01
1.043195514939812165e+04 4.017512243524579958e+02
1.029599779280778603e+04 3.492337935560107667e+02
1.033037065172626717e+04 3.033515393856059745e+02
1.011437687207889940e+04 1.614064293251576032e+02
9.977163064396983827e+03 -8.399829599174578334e+02
9.631899495336401742e+03 -5.636974177891611362e+02
8.891323497226996551e+03 -1.246286795591352984e+03
9.834458751138467051e+03 -2.844767445762446414e+02
1.033204612785896643e+04 1.776185153478742507e+02
9.730784422280559738e+03 1.090804973929481037e+02
1.011243106032108699e+04 -8.887238308089720817e+01
1.030205701949825016e+04 4.113287110065692787e+02
1.033000935427711738e+04 3.428601276834997975e+02
9.768979110448455685e+03 -1.408708175044114057e+02
9.778646483297021405e+03 -4.845702608871235952e+02
1.039838403184471645e+04 6.522188928455915402e+02
1.009563210291538417e+04 1.834680841363763548e+01
9.807720016083396331e+03 -1.177829904956749260e+03
9.913458499021337047e+03 -3.308022850528400340e+02
1.055877922857159319e+04 5.521347186147012280e+02
1.059615517153712608e+04 9.761479333545868258e+02
9.983859866832801345e+03 2.236286891216203117e+02
1.009510387671405988e+04 -1.563332169983823121e+02
1.007627535094994892e+04 2.627915880924804242e+02
1.016675599004014657e+04 4.622627636423588342e+02
1.038208006505490630e+04 5.376762526943304010e+02
9.666571141129896205e+03 -2.054991482150019166e+01
1.027690038936078963e+04 4.928613299933403482e+02
9.546808328664172222e+03 -1.271104602203970444e+03
9.929166927615422537e+03 -5.400151176688628568e-02
9.971694959358757842e+03 -6.964193348418422147e+01
9.867578463742991516e+03 -9.878039243293410436e+02
1.023081287797915866e+04 2.216948272187167390e+02
1.034173591753162691e+04 6.773815458353401482e+02
1.111989427204760977e+04 1.782862521881260363e+03
1.077309313213986570e+04 1.439491467941029669e+03
9.352262246533155121e+03 -6.170763921832219694e+02
1.086285169208507614e+04 8.089625628807521025e+02
9.685132621064722116e+03 -3.061126932463639250e+01
1.014991106965925792e+04 5.096911432321871871e+02
9.942407581188848781e+03 -2.139564426121873453e+02
1.003068042973334377e+04 7.293632328102569318e+01
9.989562059766401944e+03 -2.462390460730725579e+02
9.866689057413535920e+03 2.131246896895721079e+02
1.054352112557516375e+04 6.240517529357359763e+02
1.013082705613469989e+04 -2.208207682863125854e+02
1.061546248326134446e+04 8.471597953369497418e+02
9.684323029574512475e+03 -4.179016380716153662e+02
9.276094576138077173e+03 -7.559467301803083501e+02
9.868541208333685063e+03 4.652699992752862954e+02
1.028783450356762842e+04 7.129977689369534346e+02
1.073898505056299473e+04 1.199353212307641570e+03
9.379733582623381153e+03 -7.461257613402871129e+02
9.555762807595618142e+03 -2.138447836900073469e+02
9.709714306676045453e+03 -2.362473516452913316e+02
1.009722714372527480e+04 -4.352799502545260424e+01
1.014034311061257176e+04 7.183481915047283906e+01
1.020112292059060019e+04 4.793813084083280955e+02
9.907490983708790736e+03 -3.805499934560413635e+02
1.015099552950239013e+04 -1.682937107256997820e+02
1.040187485478724011e+04 8.746554529940622160e+02
9.601355846712163839e+03 -2.954761117152626184e+02
9.988686687072777204e+03 1.104647754609624712e+02
9.890166667195393529e+03 4.423022712619514607e+01
9.642240293062468481e+03 -4.026796904871891911e+02
1.041016881277624088e+04 8.547177138509092629e+02
1.021363253428411917e+04 7.767474811191351591e+02
9.535127491216730050e+03 -3.529798866014294276e+02
1.005879840772369062e+04 4.508773467545724998e+02
1.076072106769121274e+04 3.171094505102403218e+02
9.538667738307236505e+03 -8.068427759855565000e+02
9.904583746364307444e+03 -5.117091939327256682e+02
1.017876566217892105e+04 -2.295735475707307671e+02
1.013113405377670642e+04 9.757355294325014938e+01
1.086620787897992159e+04 1.133265672910118383e+03
9.869518451145400832e+03 -2.148121662592998007e+02
1.011837098373180743e+04 8.187298474131034709e+02
9.930054509419538590e+03 -9.261724897914008636e+01
9.663438370577165188e+03 -8.096347448021949731e+02
9.876374282491284248e+03 -1.639385205962175291e+02
1.010557444953733284e+04 -4.505623066348670136e+02
1.021825152807341692e+04 2.809102651809967028e+02
9.809361882013490685e+03 -4.254235694984372458e+02
1.003975339523652474e+04 -2.064076821003384623e+02
1.034471436971438925e+04 5.792931953673746648e+02
1.015845662259002529e+04 4.896769114647130436e+02
1.015285985514859749e+04 4.518779169584975079e+02
1.043214589959135265e+04 5.659345455239960074e+02
1.042947741381146989e+04 3.199301881588262404e+02
9.508003398294024009e+03 -1.405818500914947663e+03
1.021377366676551537e+04 5.591348377649587746e+02
1.002266786269225122e+04 3.754050270473642854e+02
9.875878787936486333e+03 -8.172919861419305789e+02
1.020389098290746006e+04 4.771583805857105887e+01
9.597352164328533036e+03 -5.934981001988631988e+02
1.041696401477639120e+04 5.247534561977752219e+02
1.079555844879861252e+04 5.810844600519554888e+02
1.041655863959574526e+04 5.972023204029646877e+02
1.029669342923173099e+04 4.212715655442119669e+02
9.882044690752089082e+03 3.314031083979633081e+02
9.802384953665283319e+03 5.367328633240207125e+01
1.032820417389606519e+04 4.858774392717986643e+02
9.628135706552149713e+03 -7.278935913174392454e+02
9.843090543705551681e+03 3.768065971254189321e+02
9.915984582243341720e+03 -7.035456982458769062e+02
8.945027788665076514e+03 -1.417588788211410247e+03
1.018257778288345980e+04 4.358495193050604826e+02
9.166340545795854268e+03 -1.070809825062739037e+03
1.008306876352855579e+04 2.464234185064363203e+02
1.051615681923581360e+04 8.283078745237514795e+02
1.005629522040023221e+04 1.216316127930503939e+02
1.028336704892695161e+04 5.425298071613008233e+02
9.212414228748983078e+03 -1.011540455337721255e+03
1.031992131878165310e+04 1.708163078889428448e+02
9.964076856051144205e+03 -1.349990052777736693e+01
9.915216730316209578e+03 -1.827943361730544609e+02
1.017219487599067179e+04 9.339459607517099471e+01
1.015523941518642823e+04 3.305930724580077822e+02
1.012082883740040415e+04 5.949414830021328271e+02
9.980847733473112385e+03 -4.998373743990493523e+01
1.010426632385746780e+04 -3.334423817505547731e+02
9.512769932544275434e+03 -1.129402189747830334e+03
9.418365149029817985e+03 -9.257566961582280101e+02
1.001736871217043517e+04 2.714700523818941065e+02
1.009239973387093778e+04 1.319802456013224798e+02
9.833651039809750728e+03 -4.482883908402429824e+02
9.448300172184899566e+03 -1.121064145836589660e+03
9.976181994916352778e+03 -1.155566547083919460e+02
9.551508417598930464e+03 -1.138182982442562206e+03
9.281403806724300011e+03 -1.315022574820895670e+03
9.717079036547534997e+03 -5.628175974616382291e+02
9.790531158412293735e+03 2.732345443546254842e+02
9.950465879925237459e+03 1.970298797365350936e+02
1.032873446205005530e+04 1.134493607204577302e+03
1.009805964203899202e+04 2.816532536963520101e+02
9.999276638378240023e+03 -1.131695008394364805e+02
1.032825298981756714e+04 1.132538760312523664e+03
9.144670509375200709e+03 -8.732393954289332214e+02
1.000197710211976482e+04 3.261120793117099197e+02
1.068637889638132765e+04 6.831164972990094384e+02
1.034709031490206507e+04 7.595405942952157829e+02
9.789096326944925750e+03 -5.569335517814245122e+02
9.885509095753592192e+03 -1.757181121731157134e+02
9.509291518226356857e+03 -6.288547348969000268e+02
1.006384851152998272e+04 -1.564780647898787151e+02
1.041376065068865137e+04 1.035832971889411056e+03
9.713216995319453417e+03 -7.494777948455248406e+02
1.004357468897073159e+04 1.162335681512176677e+02
1.027877601897818931e+04 4.062276713322629007e+02
1.062212677396843719e+04 4.701312051702862504e+02
1.077056537135179497e+04 9.784835217464084280e+02
1.018516382169483950e+04 6.388470817866070917e+01
1.000643483963393192e+04 -2.938926755736857217e+02
9.764868312237262217e+03 -3.918009457627952656e+02
9.726638571726447481e+03 -1.498044622981134069e+02
1.000322369181866452e+04 5.021674231396738151e+02
9.782625119325728519e+03 -3.661339343911922128e+02
9.370242713665558767e+03 -7.502025882848372476e+02
9.624057739594785744e+03 -3.167152770709397487e+02
9.963577640254148719e+03 -3.169466945543072143e+02
1.044998570711738830e+04 5.702964231294868114e+02
9.893548582535744572e+03 -1.994085145586914791e+02
1.004371288146094776e+04 3.619114943432895188e+02
9.958192547117012509e+03 3.434785282397505171e+02
1.034344290647570233e+04 7.453378276998587353e+02
1.008764798656868152e+04 -2.426930256812519247e+02
1.002829203609099204e+04 -2.380657228999301083e+02
9.418162691490468205e+03 -7.177795190044307674e+02
9.668132128633485991e+03 -2.693028953113031889e+02
9.731215415757993469e+03 -5.660725592019584838e+02
9.932772529260175361e+03 -2.076932648071620946e+01
1.039117769635392506e+04 -5.381901871350844857e+01
1.029738394174162750e+04 3.592652001933368666e+01
1.016534087442311466e+04 -2.808646053480335354e+02
1.067629521963050684e+04 1.012883422164816238e+03
1.068667452169959870e+04 2.927913774129240210e+02
1.002989438850798069e+04 2.434913554107649816e+02
1.043814652450950598e+04 7.194779666016339661e+02
1.038999152371660784e+04 9.357354399665939582e+02
9.938612685543741463e+03 3.925959799838117714e+00
1.056014685879543322e+04 7.954195171339201806e+02
1.033597441486389471e+04 3.572238955849022659e+02
9.466811565454039737e+03 -4.805151669659406934e+02
9.957256357445192407e+03 3.026180158386674748e+02
1.037049826779447358e+04 2.968350167025620294e+02
1.006892794464334293e+04 -3.444532840146882791e+02
1.010272468816032961e+04 5.045529513005132003e+02
1.060554866406317160e+04 4.526079140718455562e+01
1.055433305331216252e+04 3.210325220765217864e+02
9.748250236105854128e+03 2.916999066794873556e+02
1.046619491006748831e+04 -4.730308773838769412e+02
9.768024690124791960e+03 -3.128808460866694645e+02
9.991057067707779424e+03 2.880429003548239280e+02
9.655906614471021385e+03 -5.262161459443537979e+02
1.054440863555474607e+04 1.336978320470547715e+03
9.793539888578485261e+03 -5.706605628112505713e+00
9.901522276150948528e+03 3.972803901530798498e+02
1.031337907659420125e+04 6.184430995881480158e+02
9.846152717277966076e+03 -5.380928389593600514e+02
1.021936930875104372e+04 4.595817136351696490e+02
1.016787218100018981e+04 8.335318892856740103e-01
1.039519108572380901e+04 4.728662568663433490e+02
9.957282880812237636e+03 -6.689783550562206074e+02
9.660910912514438678e+03 -5.677402160623914824e+02
1.012270969421340851e+04 5.160989797276287163e+02
1.034629381263085452e+04 7.171625254635567615e+01
9.842501406154888173e+03 -3.000994741120282470e+02
1.006119910125442220e+04 8.294993776340937757e+02
9.850815242663715253e+03 -4.720747315273223421e+02
1.045174141499084544e+04 5.657172689237584109e+02
1.036929139583190954e+04 2.660468487600468279e+02
9.828605663807789824e+03 -1.584493335769521423e+02
9.853892125598827988e+03 5.401112411097980726e+01
1.025735767886627764e+04 8.359642139134619754e+01
1.078221635906380834e+04 1.198628922171967361e+03
9.967238685538932259e+03 -1.925458630812836986e+02
1.011979190149592250e+04 -1.835021316887517742e+02
9.812575611957179717e+03 -7.176203190687200504e+02
1.005823950700474415e+04 1.803701851194383607e+02
9.906739145350002218e+03 6.247149911951281354e+01
1.058695540764961697e+04 7.919282426085968041e+01
1.024207261669098989e+04 -5.098158232316873750e+02
9.898480319932008570e+03 1.026901751549155648e+02
1.013708825150599114e+04 -4.540975477720616595e+02
9.848729490012297902e+03 1.146532474905474004e+02
1.100741107264975108e+04 1.666411411704438251e+03
9.746420844607091567e+03 -9.776699787294039652e+02
9.706237260220006647e+03 -6.362392566746440252e+02
9.640539525914105980e+03 -7.061381642042049407e+02
9.643146318937919204e+03 -9.644125780426472829e+02
1.020921857941732924e+04 2.174691097233773860e+02
9.996203535393400671e+03 -3.941219551498589340e+02
1.006823706303332983e+04 6.973016301129573549e+02
1.108365549708016260e+04 1.748868992792737117e+03
9.586647950316844799e+03 -2.580529629507425966e+02
9.118618549865303066e+03 -1.313562252857453586e+03
1.020468065272483000e+04 5.458141743287228564e+02
1.003639151296962336e+04 3.006612111175327229e+01
1.010562781238263051e+04 3.887216994976558908e+02
1.033791241267850273e+04 -1.507687637877831444e+00
9.794023459178544726e+03 -7.729763989481745057e+02
1.013491559925568072e+04 3.587065745230829066e+02
1.065365471144118783e+04 8.688555498654141047e+02
9.620487754928226423e+03 -5.431854169685318539e+02
1.015436295012514529e+04 9.400009939601732185e+02
1.070397852236702602e+04 1.040986759886013033e+03
1.014509911805545926e+04 -2.312903265676109754e+02
9.795041630922523836e+03 -5.428761560686230041e+02
9.749509027488733409e+03 -2.082180190526126182e+02
9.921466205405100482e+03 -3.584515662019639421e+02
1.018576887936231287e+04 5.671526457128501306e+02
9.516064454886542080e+03 -5.273508495525064745e+02
1.036170268770198527e+04 6.574945069049985023e+02
9.247916791646201091e+03 5.172068713926081784e+01
9.250691184226678160e+03 -1.128912530514863647e+03
9.740902042952493503e+03 -3.560641302728509459e+02
9.937501884263143438e+03 2.808491645015789118e+02
9.815108043759035354e+03 -1.795363181426868096e+02
9.768607543614125461e+03 -2.525625895220528605e+02
9.917119204705302764e+03 3.539958883682608359e+01
9.931567083894555253e+03 -4.756531589901100574e+02
1.011927012255050431e+04 3.262638160866337103e+02
9.608977046533816974e+03 -7.703782197159346197e+02
9.473715716919758052e+03 -3.274741318597217514e+02
9.836560797763766459e+03 -4.364418183358833403e+01
1.027147145086172168e+04 1.604918785284571356e+02
9.951260421145667351e+03 -1.688979795671425563e+02
1.000257920455885505e+04 1.073347931785306457e+02
1.002301105001052565e+04 -2.387029894953510336e+02
9.092543314364682374e+03 -8.337431501375724565e+02
1.009192580116913086e+04 8.763404052240974806e+02
1.037512878580567849e+04 9.055798446778541688e+01
1.018360466675657517e+04 1.010846924944630587e+03
1.035270206808765215e+04 1.148858935340977951e+03
9.801933029336641994e+03 -3.725290777676548259e+02
9.265780071332641455e+03 -7.416253175664746777e+02
1.022577919818770170e+04 5.848948677623203594e+02
9.955038832557784190e+03 2.702664422466672249e+02
1.041516681273593713e+04 4.121043306032775035e+02
9.596047068881654923e+03 -3.582610200602208010e+02
9.671411754495509740e+03 -3.231889888554371169e+02
9.355413906175228476e+03 -9.176240030813672774e+02
1.048941460879906299e+04 1.030474456938354251e+03
1.033117868052811900e+04 2.883647244647852403e+01
1.009995089168830418e+04 2.881574006674019870e+02
9.843901928073630188e+03 -5.106314495391565629e+02
9.915838955151508344e+03 -8.356886749882727372e+01
1.002986483069786300e+04 -1.776762793478145284e+02
1.024402640461796364e+04 -1.561994665481047946e+02
9.711116052668061457e+03 1.361570455034667475e+02
1.024144905540884247e+04 4.260318610139522661e+02
9.519240768127794581e+03 -2.526933820502092374e+02
1.052790205433607116e+04 8.459970232879935566e+02
9.733615136119238741e+03 -8.712641283252983726e+01
1.037391067937194930e+04 1.288033459917228583e+03
9.730234321562697005e+03 -7.333987430920923316e+02
1.001313695865776026e+04 2.986580592974347610e+02
1.023911292883470378e+04 1.063727234053752682e+02
1.040654511107961116e+04 3.552935551044383828e+02
1.048990614751352405e+04 4.767801257891813407e+02
9.491680611919086004e+03 -3.978791048694819210e+02
9.545964914607269748e+03 -8.578397689740668284e+02
9.603753331570525916e+03 -1.271219145280902012e+03
1.058124902867489436e+04 1.051148932224371720e+03
1.031274298278007518e+04 7.001243362362928337e+02
1.094508995776759730e+04 1.651384516722958779e+03
9.905699227635786883e+03 3.804863642799828085e+02
9.736136315668292809e+03 -6.220936022007252859e+02
9.420099602834270627e+03 -6.980434675986991806e+02
9.801859603912849707e+03 -4.280919421877699449e+01
9.997701936575071159e+03 -4.126691288434163312e+02
1.052813294714215772e+04 4.840790511354343266e+02
1.022977329387366444e+04 6.912878580082120834e+02
1.001773296746007509e+04 -1.183289301727064640e+02
1.055332770469832212e+04 1.141848491244651996e+03
9.268690092632828964e+03 -1.463277554018333603e+03
1.048321919139486818e+04 4.263237394345388793e+02
9.992745342971753416e+03 -2.118526037245848954e+02
9.719658018489933966e+03 -4.257350090956977056e+02
9.900196901468607393e+03 2.952638759480730357e+01
1.037371592494577453e+04 9.561506829687083098e+01
9.905353413693910625e+03 2.320815461235723376e+01
1.031882172266525049e+04 5.936681656164035985e+02
9.662118805705427803e+03 -4.765411917400730886e+02
9.423268671913858270e+03 -9.998578666496003962e+02
1.018578118205802457e+04 4.028191907065687474e+02
1.000491262380959051e+04 5.589613413816300636e+01
9.682813114842083451e+03 -4.883117092637107248e+02
9.590452074847880795e+03 -2.398529339413032346e+02
1.007964924317887926e+04 2.818623060798477695e+02
1.024684064824624693e+04 9.358920813732358113e+01
1.040981414684751144e+04 1.163914213765688828e+03
1.021364805541580427e+04 1.210036341134902216e+02
1.030860097827081881e+04 2.777893750363157892e+02
9.993169148156737720e+03 2.654192827997135495e+01
9.673070174528183998e+03 3.906349303588400517e+02
1.090709889754866890e+04 7.616125366639608956e+02
9.630443900260663213e+03 -6.449076220084939450e+02
1.051610163443317833e+04 6.854557336435321986e+02
1.070672319110288481e+04 1.488227282522183714e+03
9.770131286547508353e+03 -5.568421671580380234e+02
1.037694957743617670e+04 6.885136930277483316e+02
1.003851705978186146e+04 4.953736253800222755e+01
9.803828648706779859e+03 9.012149144476587992e+01
1.006988405988236627e+04 -8.531389383055187636e+01
9.283637461786935091e+03 -1.048806205692737421e+03
9.887950105564081241e+03 -5.015913251609538293e+01
1.032346443992957393e+04 -2.577975531898443933e+02
9.831051048834800895e+03 -7.952854822053966473e+02
9.871283883585016156e+03 4.699628420429818902e+02
1.060038084346528012e+04 1.172738056775458517e+03
9.603037704080767071e+03 -3.398162103599378838e+02
1.007696994293411262e+04 -6.330720685808214512e+02
1.045920326861438662e+04 7.378152387903517138e+02
1.040030191057638876e+04 1.036590332762871412e+03
1.019297018749609560e+04 6.225617226736012526e+02
9.982105767914057651e+03 5.346051458432215213e+02
1.021827976970631971e+04 3.673308446518515780e+01
9.520759423215988136e+03 -7.169809051001810758e+02
9.523138400584339252e+03 -7.816351137519455961e+02
1.070980136271016272e+04 1.073706902414447313e+03
9.639647790561575675e+03 -4.422990700658875198e+02
1.013913932483087410e+04 1.297270930826416588e+02
1.006244774042561403e+04 -3.374527398007313650e+02
9.855375674196780892e+03 -8.563259353801500993e+02
1.043248390220398687e+04 7.475434567108146666e+02
1.019538132625504841e+04 5.346839059756327828e+01
9.651053216303520458e+03 -7.659776192769163572e+01
9.937970748636149438e+03 8.531235637026276208e+01
1.003199269419425036e+04 1.756598560303237377e+02
1.041168121728998085e+04 5.549549790910789397e+02
1.042202305872992110e+04 6.145325079812273543e+02
9.986021162210554394e+03 -1.443000267546230191e+02
1.053280246563196306e+04 4.657162722019740499e+02
1.041157544690916438e+04 3.817998673118328270e+02
1.047603254917893355e+04 1.148796386930534936e+03
1.057019638319156002e+04 5.220827582715438666e+02
9.645984660575561065e+03 -7.185137522940623285e+02
9.850734976917736276e+03 -2.814432049283122979e+02
9.440428673169910326e+03 -4.705779495144681732e+02
1.018938258572165432e+04 1.563294389293696440e+02
1.018805218876046092e+04 5.711742816261307780e+02
1.015108421932027341e+04 3.664354215767087908e+02
1.002383699941594750e+04 6.408915444098788612e+02
1.011981061800550560e+04 1.992979761537641537e+01
1.051574766552206165e+04 9.506811625436048416e+02
1.051621738156612810e+04 3.269267979570317948e+02
1.011527435353532564e+04 2.422809478234335927e+02
9.694969909969506261e+03 -6.903863389755346134e+02
9.700113348749700890e+03 -5.442086190970441066e+02
9.826668235202620053e+03 -2.244018594281062917e+02
9.852260814222681802e+03 -1.633143943930638784e+02
9.834956268240543068e+03 -3.038818761978156431e+02
9.272916692973423778e+03 -1.523017114905912649e+03
9.885167723192562335e+03 -9.592158752662659538e+01
1.067208785614497720e+04 9.293606983220420261e+02
9.700163771383735366e+03 1.995763935676083634e+02
1.009092564180163754e+04 4.922259818143727017e+01
9.981952485842068199e+03 -2.555800155514801020e+02
1.051046268163077912e+04 1.030599472451451220e+03
9.826939980658809873e+03 -2.381881546174200182e+01
9.941895750412693815e+03 -3.827860361394808137e+02
1.034559015669280052e+04 5.525058880002297883e+02
1.011463221650282503e+04 6.056074572679909807e+02
1.030515053805037678e+04 5.353403548669666634e+02
1.031225789045597958e+04 -2.052230439156860484e+02
9.820525267968063417e+03 -7.212888310939509040e+01
9.609029915608953161e+03 -5.830600570051298064e+02
1.024328036047181922e+04 4.587158459383252875e+02
9.743477974390998497e+03 2.605658269608784963e+02
1.006134196918237285e+04 4.545207945439073569e+02
1.004449563098639373e+04 -2.780233217838284077e+02
1.028788634376785922e+04 1.028393416580180656e+03
1.062426280239607695e+04 8.012915266758707276e+02
9.837736712672718568e+03 -5.090205001064834391e+02
9.882597380445824456e+03 4.457317766604169265e+02
1.053192273912784367e+04 5.844233142275395494e+02
1.031065692933978062e+04 -3.352482966233416732e+02
1.079816821182338390e+04 1.131211371545400652e+03
9.386126492382434662e+03 -9.079837175456713112e+02
9.881981528082751538e+03 1.597930392246874760e+02
9.782484320764820950e+03 -7.676300221640418613e+02
1.038039338189621412e+04 6.426439573641588368e+02
1.008257703657834281e+04 3.622110778065717227e+02
1.053807962536752530e+04 5.312460222887735881e+02
1.015943591231765095e+04 9.020147338137484212e+02
9.368600488801856045e+03 -9.192071087536171490e+02
9.848375936197009651e+03 3.935276053526566216e+02
1.030401529606227268e+04 5.537046255167011850e+02
9.820877359739195526e+03 3.314179204101972687e+02
1.006776409850116033e+04 4.079244144815048685e+02
1.001703665353310862e+04 -9.178593321550953021e+01
1.011317963497034361e+04 -1.459603350400500119e+02
9.467327057319262167e+03 -9.501425857462392059e+02
1.000362052674808365e+04 -3.951462932997654320e+02
9.730428971729677869e+03 -6.574746282571413758e+02
9.622468255457719351e+03 -4.421120928367897136e+02
1.016866706762066133e+04 1.019585883591334778e+03
9.612857114539348913e+03 -3.312998965147996842e+02
9.832980016388724835e+03 -1.292146565419097337e+00
1.012150652584174350e+04 2.923583990634298857e+02
9.787860617992357220e+03 -2.880586256494879080e+02
1.010354887579604656e+04 4.537889909045287595e+02
9.863341010815865957e+03 2.945033938689855404e+02
9.536956254032140350e+03 -6.463969617598376090e+02
1.039192910276582552e+04 6.720472990497394221e+02
9.710229667479830823e+03 -4.655567074477784217e+02
1.000187068280257699e+04 -6.015129816986272999e+02
1.025798654737011202e+04 3.703966080519209640e+02
9.511219891267321145e+03 -5.978037753274218176e+02
1.041513115535651559e+04 4.857914827311890917e+02
1.023062226339330482e+04 4.689096199538305427e+02
1.010736150539469600e+04 1.996183193402269396e+01
1.001466230918056135e+04 3.111508386350838578e+02
1.027439002753585555e+04 1.976483499757098059e+02
1.030587897748282376e+04 3.822117027221588046e+02
1.000393582523786608e+04 -6.117235071461979423e+00
9.543621164101876275e+03 -8.406364130937380423e+02
1.003704285393541068e+04 2.393246794095747134e+02
9.932296300658055770e+03 -2.606718848563252209e+02
9.668462369586521163e+03 -4.673811432137357542e+02
1.016515843163335740e+04 4.367224276053924541e+02
1.028885154378560219e+04 -1.268456506415940197e+02
1.022303579639165400e+04 7.291547286797112974e+02
1.007342456235728969e+04 3.412825095189626836e+02
9.309390440977642356e+03 -1.174190571773111287e+03
1.012391819277626564e+04 1.125816427905435546e+02
1.021139601977231905e+04 1.502150077870326413e+03
9.336226542416512530e+03 -3.395182413147473426e+02
9.770138654452217452e+03 1.000765047785000235e+02
9.168903360555976178e+03 -9.419105827290128445e+02
9.819129203195054288e+03 1.905500215181557735e+02
1.047671122266648854e+04 5.246694355678332613e+02
9.744779257642278026e+03 6.563202780122618663e+01
1.028844828058238818e+04 5.564279700541015927e+02
9.866986817556155074e+03 2.067874977283681517e+02
9.311848736180563719e+03 -9.681501049262392371e+02
1.020110264132728480e+04 3.155007875988305841e+02
1.080356496155987043e+04 1.208665760718447928e+03
9.825544845549176898e+03 9.081505775164407623e+01
9.873609466425899882e+03 -3.551564634859951752e+02
9.702358091364609209e+03 -6.829250264036080580e+02
9.580640084585706063e+03 -1.247576956252810987e+03
1.002548176315785895e+04 -1.700521157161039980e+02
1.000681596972719854e+04 2.580812441950199059e+02
9.454423757297705379e+03 -9.810427366758289054e+02
1.054255589619715101e+04 7.589477134067104771e+02
9.845299580055198021e+03 1.448875984562036763e+02
1.029912475837006423e+04 4.570118002494364191e+02
1.077430674816712781e+04 7.271294752076800023e+02
1.009702134241653584e+04 -5.219919163050071802e+02
1.007747913425046681e+04 3.768565053179873985e+02
9.860605483469236788e+03 -3.590127886678064328e+02
1.054716974789195774e+04 1.117941021711492112e+03
1.007509080989439826e+04 2.553852976261797281e+01
9.761430669475681498e+03 1.279822109078633758e+02
1.004090027831268344e+04 9.617459178621417948e+01
9.857285232365393313e+03 3.086515733468999088e+02
9.919148198811366456e+03 1.364324492059378535e+01
1.080551828697220299e+04 1.353490627162943383e+03
1.020506434958673890e+04 6.882652934567698821e+02
9.635275553337567544e+03 -4.282995045824365548e+02
9.395458079427407938e+03 -1.174416518665891999e+03
1.028892161755558664e+04 5.188333547089636113e+02
1.019201364211798318e+04 3.138172505192765129e+02
9.412039368573681713e+03 -1.065311550259080150e+03
9.828256179765809065e+03 -5.318131184197285393e+02
1.087396621252828845e+04 1.290354660225961879e+03
1.017983164146957279e+04 5.207406119925441317e+02
1.017339767856109393e+04 2.477667266716626386e+02
1.024565502540742091e+04 2.709445537675048143e+01
1.028661282446544101e+04 6.768626605580003570e+02
1.033748770050100575e+04 7.032116655639460987e+02
1.030102450882533412e+04 5.550468420241734293e+02
1.051706887107267357e+04 1.140832522032305860e+03
1.010230674232605088e+04 4.913065838812760262e+02
1.018777882649994353e+04 2.397854690456446463e+02
9.664436518998036263e+03 -1.227007886198717188e+03
1.024016714567428971e+04 3.427133680934525017e+01
9.860031796574166947e+03 3.649659653897953717e+02
9.909255031948012402e+03 5.413604837386100144e+02
1.014644144397622949e+04 4.987325913101781794e+02
1.013564342544733699e+04 5.084583702202074846e+02
1.008215242278657206e+04 -1.091121868592633291e+03
9.842247772172491750e+03 -2.697918006495908116e+02
9.774419902148109031e+03 -4.213973043520684882e+02
1.002778178634827054e+04 6.628677452293618444e+02
1.024883949475575719e+04 -8.180488963460965124e+01
9.750132324140859055e+03 -3.675404409598314146e+02
9.982290686913760510e+03 -1.676188180155218674e+02
9.471499474889447811e+03 -3.321864895098132138e+02
1.038034749434709556e+04 6.046033191086676197e+02
1.019307400285871699e+04 -1.429515208966631405e+02
1.014289646231271217e+04 2.967289429226049720e+02
1.036520490968178092e+04 6.831294084330705800e+02
9.918325886521859502e+03 1.222255167142400580e+02
9.685433398959763508e+03 -3.905648416311997266e+02
9.380262846648613049e+03 -1.253892688788537725e+03
9.586564773144691571e+03 -6.313044153539342460e+02
9.677338845385771492e+03 -1.915865499962796434e+02
9.450920015337984296e+03 -5.697815701376481456e+02
9.643924308450430544e+03 -3.272554655300447735e+02
9.800829492039183606e+03 2.147821834191213384e+02
9.849993260457968063e+03 -6.543826536062355217e+02
1.015931907397269788e+04 -7.587930290779719655e+01
9.844813226768794266e+03 -4.295420760033487113e+02
9.912673977797199768e+03 -4.659994684075772398e+02
1.011667618719369057e+04 2.798159511766991159e+02
9.092190559879842112e+03 -1.346556519267590829e+03
1.015001297664157755e+04 -2.636988253383078700e+02
1.051890981552936864e+04 4.790201127710515152e+02
9.768584350158007510e+03 -4.514571370250547488e+02
9.816316192007579957e+03 -1.713050873791881088e+02
9.892866126098293535e+03 1.704723902505062654e+02
9.571378432415187490e+03 -3.268503789342118466e+02
1.004709049425830563e+04 2.052578299917290963e+02
1.006299939165728938e+04 -2.210358404864209376e+02
1.019821599874971798e+04 -2.223635072393127530e+02
9.510010839624737855e+03 -7.496753232240852185e+02
1.040902981317946069e+04 6.301962258756216215e+02
1.076668332354892846e+04 1.144273009768648535e+03
9.509661253359841794e+03 -1.115923643267471789e+03
9.899940249566159764e+03 9.011713472372372280e+01
1.050721438389059404e+04 7.284191301547722333e+02
1.017945132763894617e+04 2.426106639815786821e+02
9.962896026674805398e+03 2.277725166916416697e+02
1.016540588893074346e+04 7.700992077511665457e+02
9.508786910372118655e+03 -8.617028398652585111e+02
9.746273926143760036e+03 -2.591324210545977849e+02
9.265957959605073484e+03 -7.269380643873056442e+02
9.773690711590437786e+03 -6.070404197843246266e+02
9.535838275741562029e+03 -6.143960035813282730e+02
1.044236437667311475e+04 8.093763265848825768e+02
1.016545282734525426e+04 5.507427608056433428e+02
1.014080384691931249e+04 6.041749102695291640e+02
9.966222662000502169e+03 3.425232428965350095e+02
9.774756949776576221e+03 -4.325024124037512934e+02
1.016334859255903939e+04 -3.011552940738777124e+02
9.826357820913859541e+03 -1.130851432545115927e+02
9.581700926761501250e+03 -9.901970854356538894e+02
9.934735979657463758e+03 -3.323823777750336603e+02
1.027209621495562715e+04 7.701169327376802585e+02
9.754185688035795465e+03 -4.765356245038599923e+02
9.210733213100362264e+03 -1.098757052872716713e+03
1.014450362705846783e+04 -1.095291639324389052e+02
1.038320248214168896e+04 6.207503081250921468e+02
9.727005251604798104e+03 1.854202179858768602e+02
9.992752897621998272e+03 -6.097085655491951428e+01
1.035092320488717996e+04 6.340676221834129365e+02
9.639785577349794039e+03 -7.611026259078969360e+02
9.778867713168065166e+03 -4.454793983883411101e+02
9.868865101833514927e+03 2.300464628670254115e+02
1.056802104096239418e+04 4.529741540759957843e+02
1.006604780003838459e+04 -7.262284033760199975e+01
9.661911305565308794e+03 -1.403827272993654844e+02
9.507867327567868415e+03 2.202742104151113978e+01
1.018039793402679243e+04 1.215213726554596576e+02
1.038283917755323455e+04 1.205009360992555003e+03
1.022577249113187827e+04 6.043508515649272113e+02
1.042214120985192494e+04 6.621413597767456167e+02
1.022831436343334826e+04 8.867790409083271470e+02
9.812747376963932766e+03 -5.878552487049696538e+02
1.031169910253424132e+04 2.046865900307286097e+02
1.026686381104682187e+04 -1.691999841215606537e+01
1.045303264535839298e+04 3.683415584377184082e+00
9.846426122221435435e+03 -4.967114132287460961e+02
9.806599591250154845e+03 -4.992654921069340617e+02
1.003919804919954549e+04 -5.153340700924994735e+02
1.019486757271795068e+04 2.460575035188843742e+02
1.060837865146671174e+04 7.984309447907639878e+02
9.890725962258888103e+03 -2.007626650683827449e+02
1.004106160952844766e+04 3.304909384505056096e+02
1.005899922029222944e+04 2.990246140288821266e+02
9.716349564701720738e+03 -7.016882955455549791e+02
9.767983470123972438e+03 -2.760019974463409653e+02
9.623613798722402862e+03 -4.887948055280946846e+02
1.000237276092279899e+04 9.995083534974507700e+01
9.755657312316840034e+03 -1.013788901840144717e+03
9.935442005458549829e+03 1.979180644822675958e+02
1.009459489227996710e+04 -4.112200163016651686e+02
1.048071425968093172e+04 7.751555596837442863e+02
9.655130720733486669e+03 -3.943311575430326457e+02
9.757023580584283991e+03 2.187616375958460253e+02
1.011400518529214787e+04 3.807893535995951879e+02
9.978276456042325663e+03 6.170236375932099691e+02
9.167957109415221566e+03 -7.683246101525656968e+02
9.952375656045302094e+03 1.036293451763322615e+01
9.711094276710013219e+03 -2.066417289043422727e+02
1.009553343894730824e+04 -4.033279306398136441e+02
9.994716620763252649e+03 8.123726049430877083e+01
1.063532336226749976e+04 4.034168621466441778e+02
9.568530353933638253e+03 -8.392116585332886416e+02
1.022799656072465586e+04 1.113114173475193866e+03
9.951794255324630285e+03 -1.911919296798744483e+02
9.995982125453176195e+03 3.433878158171828545e+02
9.793732836751141804e+03 1.117786640482563882e+02
9.126554256724357401e+03 -1.137807742709295326e+03
1.017228805843873488e+04 1.381940006865129362e+02
9.758768581290985821e+03 -3.042326867110984168e+01
9.976100973957743918e+03 4.003219151034535344e+02
9.616213172164450953e+03 -6.251010437370331374e+02
1.005964110056028585e+04 3.419650966422630063e+02
9.912304425607762823e+03 3.033321463317732309e+02
9.543143624491771334e+03 -4.138455618748806728e+02
9.971996074459684678e+03 -3.685419001588958281e+02
9.920518732457774604e+03 -5.358639898184924277e+02
8.995872108877385472e+03 -8.959197892704128208e+02
9.791370738081206582e+03 -7.555900020755586866e+02
9.738193010814016816e+03 -3.900635434996343633e+02
1.000181725526329501e+04 4.264638774529944953e+01
9.953113046452428534e+03 2.201190949130927947e+02
9.685426092980862450e+03 -4.462457387300848950e+02
9.451860119591803596e+03 -5.301829350331544219e+02
9.653261740565259970e+03 -3.332024697174289258e+02
9.623945859548326553e+03 -4.891421537444710452e+02
1.031993708467411125e+04 3.557025637085676522e+02
1.014740504877727471e+04 2.597527600709290709e+02
1.020817935615515125e+04 6.795518817214571072e+00
9.681775587485790311e+03 -1.268801470321708848e+03
9.607470398503261094e+03 -2.184918280681299620e+02
1.070186043316688301e+04 1.255068060928164869e+03
9.878936795575666110e+03 -8.461022961025817324e+01
1.041090700132541861e+04 1.254964473710060247e+03
1.053914045622720550e+04 6.185378799322488703e+02
9.541223116728080640e+03 -8.184618317033321091e+02
9.857156422113812368e+03 -2.258155217795080603e+02
1.012828034114441107e+04 4.991104929142979358e+02
1.023715422691215826e+04 7.869808310220182648e+02
1.036093609834911149e+04 3.457297265733694189e+02
9.648852184093848336e+03 -8.065898489089086070e+02
9.723970849727660607e+03 -1.169703415933877153e+02
1.035648451971203576e+04 3.239390730479617559e+02
1.014540776279965394e+04 8.124124142293703699e+02
9.825110311270113016e+03 -4.158402579649425093e+02
1.025301353230489804e+04 4.751384357306180277e+02
