1.340293773418310366e+03
1.340602422997832491e+03
1.340911143654730949e+03
1.341219935405370961e+03
1.341528798266127069e+03
1.341837732253371996e+03
1.342146737383488016e+03
1.342455813672855584e+03
1.342764961137864248e+03
1.343074179794901738e+03
1.343383469660365790e+03
1.343692830750651410e+03
1.344002263082163608e+03
1.344311766671305122e+03
1.344621341534488693e+03
1.344930987688124560e+03
1.345240705148632969e+03
1.345550493932431664e+03
1.345860354055948392e+03
1.346170285535609992e+03
1.346480288387847395e+03
1.346790362629099718e+03
1.347100508275803577e+03
1.347410725344405591e+03
1.347721013851350108e+03
1.348031373813091477e+03
1.348341805246081776e+03
1.348652308166782404e+03
1.348962882591653170e+03
1.349273528537163429e+03
1.349584246019780039e+03
1.349895035055980088e+03
1.350205895662238618e+03
1.350516827855039537e+03
1.350827831650865619e+03
1.351138907066208503e+03
1.351450054117558693e+03
1.351761272821415560e+03
1.352072563194276427e+03
1.352383925252648851e+03
1.352695359013039479e+03
1.353006864491958595e+03
1.353318441705924897e+03
1.353630090671454809e+03
1.353941811405074759e+03
1.354253603923308901e+03
1.354565468242691168e+03
1.354877404379753216e+03
1.355189412351036481e+03
1.355501492173080351e+03
1.355813643862434219e+03
1.356125867435644750e+03
1.356438162909268840e+03
1.356750530299861111e+03
1.357062969623985964e+03
1.357375480898205524e+03
1.357688064139091921e+03
1.358000719363215012e+03
1.358313446587154203e+03
1.358626245827488674e+03
1.358939117100801468e+03
1.359252060423683133e+03
1.359565075812723308e+03
1.359878163284520042e+03
1.360191322855670478e+03
1.360504554542780625e+03
1.360817858362454899e+03
1.361131234331307269e+03
1.361444682465949654e+03
1.361758202783003753e+03
1.362071795299089217e+03
1.362385460030835020e+03
1.362699196994868998e+03
1.363013006207827402e+03
1.363326887686345572e+03
1.363640841447068169e+03
1.363954867506637584e+03
1.364268965881705981e+03
1.364583136588923935e+03
1.364897379644951116e+03
1.365211695066446964e+03
1.365526082870074788e+03
1.365840543072505852e+03
1.366155075690409831e+03
1.366469680740465719e+03
1.366784358239350695e+03
1.367099108203751484e+03
1.367413930650352995e+03
1.367728825595849457e+03
1.368043793056933737e+03
1.368358833050307567e+03
1.368673945592671544e+03
1.368989130700735359e+03
1.369304388391206885e+03
1.369619718680803771e+03
1.369935121586241394e+03
1.370250597124245132e+03
1.370566145311538321e+03
1.370881766164853616e+03
1.371197459700923901e+03
1.371513225936485242e+03
1.371829064888282119e+03
1.372144976573057193e+03
1.372460961007562446e+03
1.372777018208548498e+03
1.373093148192775061e+03
1.373409350977000258e+03
1.373725626577991534e+03
1.374041975012514968e+03
1.374358396297345507e+03
1.374674890449256736e+03
1.374991457485031788e+03
1.375308097421451748e+03
1.375624810275307482e+03
1.375941596063388261e+03
1.376258454802491997e+03
1.376575386509415694e+03
1.376892391200965449e+03
1.377209468893945768e+03
1.377526619605170936e+03
1.377843843351453870e+03
1.378161140149612720e+03
1.378478510016472455e+03
1.378795952968857364e+03
1.379113469023600601e+03
1.379431058197533730e+03
1.379748720507497637e+03
1.380066455970331845e+03
1.380384264602885196e+03
1.380702146422004716e+03
1.381020101444546981e+03
1.381338129687366745e+03
1.381656231167328542e+03
1.381974405901294858e+03
1.382292653906137730e+03
1.382610975198727601e+03
1.382929369795944467e+03
1.383247837714666503e+03
1.383566378971780978e+03
1.383884993584174254e+03
1.384203681568741558e+03
1.384522442942377893e+03
1.384841277721982578e+03
1.385160185924462212e+03
1.385479167566722708e+03
1.385798222665678850e+03
1.386117351238243600e+03
1.386436553301339700e+03
1.386755828871888070e+03
1.387075177966819410e+03
1.387394600603062372e+03
1.387714096797554930e+03
1.388033666567234150e+03
1.388353309929045736e+03
1.388673026899934030e+03
1.388992817496853149e+03
1.389312681736755167e+03
1.389632619636601476e+03
1.389952631213352561e+03
1.390272716483977774e+03
1.390592875465446014e+03
1.390913108174730496e+03
1.391233414628812625e+03
1.391553794844671756e+03
1.391874248839297024e+03
1.392194776629675744e+03
1.392515378232804551e+03
1.392836053665678946e+03
1.393156802945303525e+03
1.393477626088681291e+03
1.393798523112824569e+03
1.394119494034744321e+03
1.394440538871461058e+03
1.394761657639993018e+03
1.395082850357368898e+03
1.395404117040615120e+03
1.395725457706767429e+03
1.396046872372860207e+03
1.396368361055937612e+03
1.396689923773041755e+03
1.397011560541224071e+03
1.397333271377536448e+03
1.397655056299033959e+03
1.397976915322780314e+03
1.398298848465837182e+03
1.398620855745276231e+03
1.398942937178166630e+03
1.399265092781588010e+03
1.399587322572617722e+03
1.399909626568343128e+03
1.400232004785849540e+03
1.400554457242231820e+03
1.400876983954583238e+03
1.401199584940006844e+03
1.401522260215603637e+03
1.401845009798484398e+03
1.402167833705758085e+03
1.402490731954543662e+03
1.402813704561957593e+03
1.403136751545126572e+03
1.403459872921176611e+03
1.403783068707238272e+03
1.404106338920449616e+03
1.404429683577947344e+03
1.404753102696877704e+03
1.405076596294385126e+03
1.405400164387623818e+03
1.405723806993746166e+03
1.406047524129914336e+03
1.406371315813288447e+03
1.406695182061038395e+03
1.407019122890332710e+03
1.407343138318349020e+03
1.407667228362263586e+03
1.407991393039261993e+03
1.408315632366528234e+03
1.408639946361256307e+03
1.408964335040637934e+03
1.409288798421874844e+03
1.409613336522166719e+03
1.409937949358723245e+03
1.410262636948753652e+03
1.410587399309471039e+03
1.410912236458096686e+03
1.411237148411850740e+03
1.411562135187961985e+03
1.411887196803658526e+03
1.412212333276177333e+03
1.412537544622754012e+03
1.412862830860633949e+03
1.413188192007060479e+03
1.413513628079286718e+03
1.413839139094564189e+03
1.414164725070154191e+03
1.414490386023315750e+03
1.414816121971318353e+03
1.415141932931428983e+03
1.415467818920924628e+03
1.415793779957080915e+03
1.416119816057182561e+03
1.416445927238512922e+03
1.416772113518364904e+03
1.417098374914030956e+03
1.417424711442808075e+03
1.417751123122000990e+03
1.418077609968912611e+03
1.418404172000856079e+03
1.418730809235142488e+03
1.419057521689092709e+03
1.419384309380025570e+03
1.419711172325270127e+03
1.420038110542153390e+03
1.420365124048012149e+03
1.420692212860181598e+03
1.421019376996006486e+03
1.421346616472829510e+03
1.421673931308003830e+03
1.422001321518880331e+03
1.422328787122819904e+03
1.422656328137181390e+03
1.422983944579333638e+03
1.423311636466645041e+03
1.423639403816488084e+03
1.423967246646243666e+03
1.424295164973290412e+03
1.424623158815017632e+03
1.424951228188812138e+03
1.425279373112070516e+03
1.425607593602187990e+03
1.425935889676569104e+03
1.426264261352617268e+03
1.426592708647745212e+03
1.426921231579363848e+03
1.427249830164894092e+03
1.427578504421755042e+03
1.427907254367375344e+03
1.428236080019182509e+03
1.428564981394612914e+03
1.428893958511102255e+03
1.429223011386095095e+03
1.429552140037034405e+03
1.429881344481373617e+03
1.430210624736565251e+03
1.430539980820065693e+03
1.430869412749340199e+03
1.431198920541851976e+03
1.431528504215074008e+03
1.431858163786477462e+03
1.432187899273543962e+03
1.432517710693752406e+03
1.432847598064591921e+03
1.433177561403550271e+03
1.433507600728124316e+03
1.433837716055809551e+03
1.434167907404111475e+03
1.434498174790533540e+03
1.434828518232588976e+03
1.435158937747789196e+03
1.435489433353656068e+03
1.435820005067708735e+03
1.436150652907477252e+03
1.436481376890490083e+03
1.436812177034280921e+03
1.437143053356391192e+03
1.437474005874360728e+03
1.437805034605739365e+03
1.438136139568074668e+03
1.438467320778924659e+03
1.438798578255845086e+03
1.439129912016402159e+03
1.439461322078159583e+03
1.439792808458691525e+03
1.440124371175569877e+03
1.440456010246376991e+03
1.440787725688692944e+03
1.441119517520108047e+03
1.441451385758210336e+03
1.441783330420598077e+03
1.442115351524868174e+03
1.442447449088626399e+03
1.442779623129477613e+03
1.443111873665036228e+03
1.443444200712916199e+03
1.443776604290736032e+03
1.444109084416122187e+03
1.444441641106699308e+03
1.444774274380102497e+03
1.445106984253964356e+03
1.445439770745927945e+03
1.445772633873634277e+03
1.446105573654734599e+03
1.446438590106877655e+03
1.446771683247722876e+03
1.447104853094927421e+03
1.447438099666158678e+03
1.447771422979081990e+03
1.448104823051372932e+03
1.448438299900705033e+03
1.448771853544761598e+03
1.449105484001224795e+03
1.449439191287785889e+03
1.449772975422136597e+03
1.450106836421972048e+03
1.450440774304996239e+03
1.450774789088911348e+03
1.451108880791429556e+03
1.451443049430260771e+03
1.451777295023125589e+03
1.452111617587742103e+03
1.452446017141838865e+03
1.452780493703142383e+03
1.453115047289389167e+03
1.453449677918314364e+03
1.453784385607662216e+03
1.454119170375175599e+03
1.454454032238607851e+03
1.454788971215709807e+03
1.455123987324242535e+03
1.455459080581965281e+03
1.455794251006647528e+03
1.456129498616056253e+03
1.456464823427969350e+03
1.456800225460163801e+03
1.457135704730420457e+03
1.457471261256529488e+03
1.457806895056278790e+03
1.458142606147466040e+03
1.458478394547887319e+03
1.458814260275348943e+03
1.459150203347655179e+03
1.459486223782620073e+03
1.459822321598056533e+03
1.460158496811787018e+03
1.460494749441631939e+03
1.460831079505422167e+03
1.461167487020986755e+03
1.461503972006164531e+03
1.461840534478792733e+03
1.462177174456718376e+03
1.462513891957786655e+03
1.462850686999853451e+03
1.463187559600771920e+03
1.463524509778405900e+03
1.463861537550618323e+03
1.464198642935277121e+03
1.464535825950257731e+03
1.464873086613434452e+03
1.465210424942691589e+03
1.465547840955911397e+03
1.465885334670986140e+03
1.466222906105806942e+03
1.466560555278273796e+03
1.466898282206286012e+03
1.467236086907752451e+03
1.467573969400580154e+03
1.467911929702686166e+03
1.468249967831985714e+03
1.468588083806404711e+03
1.468926277643866115e+03
1.469264549362304024e+03
1.469602898979650263e+03
1.469941326513846661e+03
1.470279831982834821e+03
1.470618415404560437e+03
1.470957076796977844e+03
1.471295816178039559e+03
1.471634633565708100e+03
1.471973528977944397e+03
1.472312502432719384e+03
1.472651553948001720e+03
1.472990683541770977e+03
1.473329891232004456e+03
1.473669177036689234e+03
1.474008540973811023e+03
1.474347983061365767e+03
1.474687503317347137e+03
1.475027101759759489e+03
1.475366778406604453e+03
1.475706533275894571e+03
1.476046366385640567e+03
1.476386277753862714e+03
1.476726267398579694e+03
1.477066335337820874e+03
1.477406481589614259e+03
1.477746706171993083e+03
1.478087009102998309e+03
1.478427390400669537e+03
1.478767850083056601e+03
1.479108388168207284e+03
1.479449004674179378e+03
1.479789699619029079e+03
1.480130473020822819e+03
1.480471324897624982e+03
1.480812255267510182e+03
1.481153264148551216e+03
1.481494351558831113e+03
1.481835517516430627e+03
1.482176762039441655e+03
1.482518085145952909e+03
1.482859486854064698e+03
1.483200967181874148e+03
1.483542526147489752e+03
1.483884163769018642e+03
1.484225880064572948e+03
1.484567675052272989e+03
1.484909548750237263e+03
1.485251501176594957e+03
1.485593532349472525e+03
1.485935642287007568e+03
1.486277831007334953e+03
1.486620098528600693e+03
1.486962444868947841e+03
1.487304870046531050e+03
1.487647374079501560e+03
1.487989956986021980e+03
1.488332618784252873e+03
1.488675359492364350e+03
1.489018179128525617e+03
1.489361077710915424e+03
1.489704055257710934e+03
1.490047111787099311e+03
1.490390247317266358e+03
1.490733461866407424e+03
1.491076755452718317e+03
1.491420128094398251e+03
1.491763579809655539e+03
1.492107110616696900e+03
1.492450720533738604e+03
1.492794409578996010e+03
1.493138177770693574e+03
1.493482025127055067e+03
1.493825951666313586e+03
1.494169957406700632e+03
1.494514042366458625e+03
1.494858206563827025e+03
1.495202450017056435e+03
1.495546772744394957e+03
1.495891174764101379e+03
1.496235656094432898e+03
1.496580216753656032e+03
1.496924856760036164e+03
1.497269576131848908e+03
1.497614374887368058e+03
1.497959253044877187e+03
1.498304210622659866e+03
1.498649247639004216e+03
1.498994364112206313e+03
1.499339560060561325e+03
1.499684835502373971e+03
1.500030190455947377e+03
1.500375624939595127e+03
1.500721138971628534e+03
1.501066732570369368e+03
1.501412405754137808e+03
1.501758158541264265e+03
1.502103990950076877e+03
1.502449902998914467e+03
1.502795894706114041e+03
1.503141966090022379e+03
1.503488117168985127e+03
1.503834347961357935e+03
1.504180658485494405e+03
1.504527048759758600e+03
1.504873518802514582e+03
1.505220068632129824e+03
1.505566698266981348e+03
1.505913407725443903e+03
1.506260197025902926e+03
1.506607066186741804e+03
1.506954015226353931e+03
1.507301044163131564e+03
1.507648153015476510e+03
1.507995341801789209e+03
1.508342610540480564e+03
1.508689959249958974e+03
1.509037387948643527e+03
1.509384896654951945e+03
1.509732485387311272e+03
1.510080154164147643e+03
1.510427903003897200e+03
1.510775731924994034e+03
1.511123640945882471e+03
1.511471630085005700e+03
1.511819699360816685e+03
1.512167848791767938e+03
1.512516078396316743e+03
1.512864388192928573e+03
1.513212778200067987e+03
1.513561248436208643e+03
1.513909798919823515e+03
1.514258429669395355e+03
1.514607140703405094e+03
1.514955932040343896e+03
1.515304803698701562e+03
1.515653755696977896e+03
1.516002788053670884e+03
1.516351900787288969e+03
1.516701093916338550e+03
1.517050367459336940e+03
1.517399721434798494e+03
1.517749155861249392e+03
1.518098670757212858e+03
1.518448266141223030e+03
1.518797942031813363e+03
1.519147698447521861e+03
1.519497535406895622e+03
1.519847452928479015e+03
1.520197451030827779e+03
1.520547529732495377e+03
1.520897689052045735e+03
1.521247929008040501e+03
1.521598249619052467e+03
1.521948650903652151e+03
1.522299132880420302e+03
1.522649695567936305e+03
1.523000338984789778e+03
1.523351063149568290e+03
1.523701868080869872e+03
1.524052753797290734e+03
1.524403720317437546e+03
1.524754767659915387e+03
1.525105895843339340e+03
1.525457104886322895e+03
1.525808394807489549e+03
1.526159765625463024e+03
1.526511217358871363e+03
1.526862750026350795e+03
1.527214363646536185e+03
1.527566058238073310e+03
1.527917833819604994e+03
1.528269690409785426e+03
1.528621628027266297e+03
1.528973646690710439e+03
1.529325746418778408e+03
1.529677927230140995e+03
1.530030189143467624e+03
1.530382532177437724e+03
1.530734956350729135e+03
1.531087461682030380e+03
1.531440048190027483e+03
1.531792715893417608e+03
1.532145464810895419e+03
1.532498294961166721e+03
1.532851206362936409e+03
1.533204199034914154e+03
1.533557272995818266e+03
1.533910428264365237e+03
1.534263664859282244e+03
1.534616982799294192e+03
1.534970382103136899e+03
1.535323862789543909e+03
1.535677424877259909e+03
1.536031068385027083e+03
1.536384793331598303e+03
1.536738599735724847e+03
1.537092487616167773e+03
1.537446456991687228e+03
1.537800507881053363e+03
1.538154640303034057e+03
1.538508854276408783e+03
1.538863149819954060e+03
1.539217526952457547e+03
1.539571985692704857e+03
1.539926526059492062e+03
1.540281148071615007e+03
1.540635851747873858e+03
1.540990637107077646e+03
1.541345504168033813e+03
1.541700452949560031e+03
1.542055483470472154e+03
1.542410595749596951e+03
1.542765789805758459e+03
1.543121065657792315e+03
1.543476423324531652e+03
1.543831862824820291e+03
1.544187384177500007e+03
1.544542987401423261e+03
1.544898672515440921e+03
1.545254439538414090e+03
1.545610288489201821e+03
1.545966219386674311e+03
1.546322232249699255e+03
1.546678327097155488e+03
1.547034503947919347e+03
1.547390762820878308e+03
1.547747103734919392e+03
1.548103526708933714e+03
1.548460031761821483e+03
1.548816618912481090e+03
1.549173288179821839e+03
1.549530039582750760e+03
1.549886873140185344e+03
1.550243788871041716e+03
1.550600786794246005e+03
1.550957866928722979e+03
1.551315029293407633e+03
1.551672273907233375e+03
1.552029600789144069e+03
1.552387009958081535e+03
1.552744501432998732e+03
1.553102075232845891e+03
1.553459731376584614e+03
1.553817469883174226e+03
1.554175290771584969e+03
1.554533194060786172e+03
1.554891179769752398e+03
1.555249247917466846e+03
1.555607398522910216e+03
1.555965631605075032e+03
1.556323947182950860e+03
1.556682345275538864e+03
1.557040825901837252e+03
1.557399389080855826e+03
1.557758034831601890e+03
1.558116763173093887e+03
1.558475574124347759e+03
1.558834467704390590e+03
1.559193443932247419e+03
1.559552502826953969e+03
1.559911644407543918e+03
1.560270868693061857e+03
1.560630175702550105e+03
1.560989565455062348e+03
1.561349037969649544e+03
1.561708593265373793e+03
1.562068231361296966e+03
1.562427952276484802e+03
1.562787756030012588e+03
1.563147642640953791e+03
1.563507612128392338e+03
1.563867664511410112e+03
1.564227799809100134e+03
1.564588018040552925e+03
1.564948319224870374e+03
1.565308703381151872e+03
1.565669170528507948e+03
1.566029720686046858e+03
1.566390353872887999e+03
1.566751070108148497e+03
1.567111869410956388e+03
1.567472751800437436e+03
1.567833717295728775e+03
1.568194765915965263e+03
1.568555897680292219e+03
1.568917112607855188e+03
1.569278410717803354e+03
1.569639792029296132e+03
1.570001256561490209e+03
1.570362804333553186e+03
1.570724435364650617e+03
1.571086149673959198e+03
1.571447947280653580e+03
1.571809828203918869e+03
1.572171792462938583e+03
1.572533840076906699e+03
1.572895971065015601e+03
1.573258185446468360e+03
1.573620483240465774e+03
1.573982864466219780e+03
1.574345329142940273e+03
1.574707877289848057e+03
1.575070508926161892e+03
1.575433224071110999e+03
1.575796022743923459e+03
1.576158904963837358e+03
1.576521870750090784e+03
1.576884920121926370e+03
1.577248053098595619e+03
1.577611269699348441e+03
1.577974569943445204e+03
1.578337953850144913e+03
1.578701421438716352e+03
1.579064972728427620e+03
1.579428607738556821e+03
1.579792326488380240e+03
1.580156128997185306e+03
1.580520015284256942e+03
1.580883985368891217e+03
1.581248039270382606e+03
1.581612177008035815e+03
1.581976398601153960e+03
1.582340704069050844e+03
1.582705093431038449e+03
1.583069566706439446e+03
1.583434123914576276e+03
1.583798765074775702e+03
1.584163490206373808e+03
1.584528299328705089e+03
1.584893192461114040e+03
1.585258169622944251e+03
1.585623230833549087e+03
1.585988376112281003e+03
1.586353605478502686e+03
1.586718918951574778e+03
1.587084316550869517e+03
1.587449798295756182e+03
1.587815364205615651e+03
1.588181014299826757e+03
1.588546748597779015e+03
1.588912567118860125e+03
1.589278469882468698e+03
1.589644456908000848e+03
1.590010528214864735e+03
1.590376683822465338e+03
1.590742923750219461e+03
1.591109248017542768e+03
1.591475656643856155e+03
1.591842149648589384e+03
1.592208727051169944e+03
1.592575388871037148e+03
1.592942135127627353e+03
1.593308965840388737e+03
1.593675881028766526e+03
1.594042880712217993e+03
1.594409964910197459e+03
1.594777133642170838e+03
1.595144386927601545e+03
1.595511724785964589e+03
1.595879147236732024e+03
1.596246654299388183e+03
1.596614245993413988e+03
1.596981922338302411e+03
1.597349683353543924e+03
1.597717529058640366e+03
1.598085459473090850e+03
1.598453474616406083e+03
1.598821574508096319e+03
1.599189759167676129e+03
1.599558028614669411e+03
1.599926382868598466e+03
1.600294821948996287e+03
1.600663345875393816e+03
1.601031954667332911e+03
1.601400648344353613e+03
1.601769426926007100e+03
1.602138290431842506e+03
1.602507238881419426e+03
1.602876272294296086e+03
1.603245390690041859e+03
1.603614594088223157e+03
1.603983882508418446e+03
1.604353255970203463e+03
1.604722714493165768e+03
1.605092258096889964e+03
1.605461886800972025e+03
1.605831600625008150e+03
1.606201399588598406e+03
1.606571283711352180e+03
1.606941253012877269e+03
1.607311307512792155e+03
1.607681447230713729e+03
1.608051672186269570e+03
1.608421982399085437e+03
1.608792377888798001e+03
1.609162858675041889e+03
1.609533424777463097e+03
1.609904076215705345e+03
1.610274813009423269e+03
1.610645635178269913e+03
1.611016542741909007e+03
1.611387535720002461e+03
1.611758614132223329e+03
1.612129777998242389e+03
1.612501027337741561e+03
1.612872362170401175e+03
1.613243782515912017e+03
1.613615288393964875e+03
1.613986879824254856e+03
1.614358556826486847e+03
1.614730319420363458e+03
1.615102167625598440e+03
1.615474101461903274e+03
1.615846120949001033e+03
1.616218226106612519e+03
1.616590416954469674e+03
1.616962693512302167e+03
1.617335055799851261e+03
1.617707503836855949e+03
1.618080037643066134e+03
1.618452657238229904e+03
1.618825362642106711e+03
1.619198153874453510e+03
1.619571030955038850e+03
1.619943993903628552e+03
