1.000000000000000021e-02
1.748743718592964819e-02
2.497487437185929443e-02
3.246231155778894761e-02
3.994974874371859386e-02
4.743718592964824010e-02
5.492462311557789328e-02
6.241206030150753953e-02
6.989949748743717883e-02
7.738693467336682508e-02
8.487437185929647132e-02
9.236180904522611756e-02
9.984924623115577769e-02
1.073366834170854239e-01
1.148241206030150702e-01
1.223115577889447164e-01
1.297989949748743765e-01
1.372864321608040228e-01
1.447738693467336690e-01
1.522613065326633153e-01
1.597487437185929615e-01
1.672361809045226078e-01
1.747236180904522540e-01
1.822110552763819002e-01
1.896984924623115742e-01
1.971859296482412205e-01
2.046733668341708667e-01
2.121608040201005130e-01
2.196482412060301592e-01
2.271356783919598055e-01
2.346231155778894517e-01
2.421105527638190980e-01
2.495979899497487442e-01
2.570854271356783904e-01
2.645728643216080367e-01
2.720603015075376829e-01
2.795477386934673292e-01
2.870351758793969754e-01
2.945226130653266217e-01
3.020100502512562679e-01
3.094974874371859141e-01
3.169849246231155604e-01
3.244723618090452066e-01
3.319597989949748529e-01
3.394472361809044991e-01
3.469346733668341454e-01
3.544221105527637916e-01
3.619095477386934379e-01
3.693969849246231396e-01
3.768844221105527859e-01
3.843718592964824321e-01
3.918592964824120783e-01
3.993467336683417246e-01
4.068341708542713708e-01
4.143216080402010171e-01
4.218090452261306633e-01
4.292964824120603096e-01
4.367839195979899558e-01
4.442713567839196021e-01
4.517587939698492483e-01
4.592462311557788945e-01
4.667336683417085408e-01
4.742211055276381870e-01
4.817085427135678333e-01
4.891959798994974795e-01
4.966834170854271258e-01
5.041708542713567720e-01
5.116582914572864738e-01
5.191457286432160645e-01
5.266331658291457662e-01
5.341206030150753570e-01
5.416080402010050587e-01
5.490954773869346495e-01
5.565829145728643512e-01
5.640703517587939420e-01
5.715577889447236437e-01
5.790452261306532344e-01
5.865326633165829362e-01
5.940201005025125269e-01
6.015075376884422287e-01
6.089949748743718194e-01
6.164824120603015212e-01
6.239698492462311119e-01
6.314572864321608137e-01
6.389447236180904044e-01
6.464321608040201061e-01
6.539195979899496969e-01
6.614070351758793986e-01
6.688944723618089894e-01
6.763819095477386911e-01
6.838693467336682819e-01
6.913567839195979836e-01
6.988442211055275743e-01
7.063316582914572761e-01
7.138190954773868668e-01
7.213065326633165686e-01
7.287939698492462703e-01
7.362814070351758611e-01
7.437688442211055628e-01
7.512562814070351536e-01
7.587437185929648553e-01
7.662311557788944461e-01
7.737185929648241478e-01
7.812060301507537385e-01
7.886934673366834403e-01
7.961809045226130310e-01
8.036683417085427328e-01
8.111557788944723235e-01
8.186432160804020253e-01
8.261306532663316160e-01
8.336180904522613178e-01
8.411055276381909085e-01
8.485929648241206102e-01
8.560804020100502010e-01
8.635678391959799027e-01
8.710552763819094935e-01
8.785427135678391952e-01
8.860301507537687860e-01
8.935175879396984877e-01
9.010050251256280784e-01
9.084924623115577802e-01
9.159798994974873709e-01
9.234673366834170727e-01
9.309547738693466634e-01
9.384422110552763652e-01
9.459296482412059559e-01
9.534170854271356577e-01
9.609045226130652484e-01
9.683919597989949501e-01
9.758793969849246519e-01
9.833668341708542426e-01
9.908542713567839444e-01
9.983417085427135351e-01
1.005829145728643237e+00
1.013316582914572939e+00
1.020804020100502418e+00
1.028291457286432120e+00
1.035778894472361822e+00
1.043266331658291524e+00
1.050753768844221003e+00
1.058241206030150705e+00
1.065728643216080407e+00
1.073216080402010109e+00
1.080703517587939588e+00
1.088190954773869290e+00
1.095678391959798992e+00
1.103165829145728694e+00
1.110653266331658173e+00
1.118140703517587875e+00
1.125628140703517577e+00
1.133115577889447279e+00
1.140603015075376758e+00
1.148090452261306460e+00
1.155577889447236162e+00
1.163065326633165864e+00
1.170552763819095343e+00
1.178040201005025045e+00
1.185527638190954747e+00
1.193015075376884448e+00
1.200502512562813928e+00
1.207989949748743630e+00
1.215477386934673332e+00
1.222964824120603033e+00
1.230452261306532735e+00
1.237939698492462215e+00
1.245427135678391917e+00
1.252914572864321618e+00
1.260402010050251320e+00
1.267889447236180800e+00
1.275376884422110502e+00
1.282864321608040203e+00
1.290351758793969905e+00
1.297839195979899385e+00
1.305326633165829087e+00
1.312814070351758788e+00
1.320301507537688490e+00
1.327788944723617970e+00
1.335276381909547672e+00
1.342763819095477373e+00
1.350251256281407075e+00
1.357738693467336555e+00
1.365226130653266257e+00
1.372713567839195958e+00
1.380201005025125660e+00
1.387688442211055140e+00
1.395175879396984842e+00
1.402663316582914543e+00
1.410150753768844245e+00
1.417638190954773725e+00
1.425125628140703427e+00
1.432613065326633128e+00
1.440100502512562830e+00
1.447587939698492532e+00
1.455075376884422012e+00
1.462562814070351713e+00
1.470050251256281415e+00
1.477537688442211117e+00
1.485025125628140596e+00
1.492512562814070298e+00
1.500000000000000000e+00
